NumNodes=1146
0:22,95.217;19,82.231
1:26,81.6732;2,137.75
2:1,137.75;33,76.1845
3:263,57.6422;53,96.7839;52,70.4729;269,98.9169
4:192,5.99269
5:32,79.5815;6,120.076
6:5,120.076;25,89.0954
7:37,28.205;262,90.0306
8:262,87.7465;355,2.85815;23,117.224;11,58.6781
9:10,104.372;31,84.5932
10:24,82.6639;9,104.372
11:358,2.88205;42,76.3628;8,58.6781;12,51.2698
12:29,97.1545;11,51.2698;28,69.292;120,86.4788
13:854,8.46275;110,3.29233;854,8.46275;855,6.35272
14:110,16.7094;859,31.3937;274,2.66744
15:784,22.9796;172,40.1456
16:243,63.4322
17:29,122.273
18:19,84.6446;28,102.284
19:0,82.231;18,84.6446
21:60,93.3472
22:27,85.2273;0,95.217
23:8,117.224;261,98.0083;46,42.042;52,15.065
24:36,86.0852;10,82.6639
25:6,89.0954;37,85.3459
26:39,56.1129;1,81.6732
27:270,84.0171;22,85.2273
28:42,64.1352;18,102.284;12,69.292
29:12,97.1545;17,122.273
30:143,7.37572;142,6.16916;143,7.37572;83,21.4357
31:9,84.5932;279,83.1173
32:278,83.6926;5,79.5815
33:2,76.1845
34:279,7.28682;193,105.879
35:192,103.042;278,9.07952
36:42,103.731;24,86.0852
37:25,85.3459;7,28.205
38:40,43.8494
39:41,79.9997;26,56.1129
40:261,75.5638;38,43.8494
41:263,74.8387;39,79.9997
42:11,76.3628;36,103.731;28,64.1352;262,88.3167
43:366,6.8418;380,10.3233
44:384,5.18634;48,33.5168;387,5.18805;1005,13.4315;387,5.18805;1005,13.4315
45:391,2.92738;393,3.53178;432,4.29268;108,1.85986;432,4.29268
46:47,26.1955;23,42.042;50,73.6804
47:46,26.1955;48,57.5255
48:47,57.5255;44,33.5168
49:434,6.70513;121,42.1142;120,2.27376;121,42.1142;120,2.27376;85,17.5336
50:46,73.6804;51,46.3222;63,119.754;64,64.9731
51:50,46.3222;885,9.32599
52:3,70.4729;23,15.065;56,100.882
53:54,91.009;3,96.7839;62,37.4877
54:55,116.321;53,91.009
55:54,116.321
56:269,79.1678;52,100.882;64,17.4315
57:269,0.380393;58,105.137;77,33.5567
58:57,105.137;59,54.4476;61,30.0072;100,165.859
59:58,54.4476;60,43.1853
60:59,43.1853;21,93.3472
61:62,26.4419;58,30.0072
62:53,37.4877;61,26.4419
63:111,27.1406;50,119.754;107,29.1034
64:56,17.4315;65,13.0736;792,10.9567;50,64.9731
65:64,13.0736;66,21.4392
66:65,21.4392;67,32.3151
67:66,32.3151;640,29.97
68:640,15.4953;70,107.06;78,85.0104;641,3.85404
69:96,79.6478
70:1086,5.25004;793,26.0918;68,107.06;794,14.5461
71:74,86.7358;73,85.4116;99,109.444;248,105.116
72:186,6.9973
73:71,85.4116;806,27.7986;78,105.06;104,107.843
74:204,85.1567;71,86.7358
75:792,74.3609;1085,6.82762;76,65.1564;77,60.1195
76:1084,9.8846;75,65.1564;100,32.0483
77:75,60.1195;57,33.5567
78:68,85.0104;248,85.6748;80,105.382;73,105.06;821,20.712
79:847,15.1746
80:91,85.2871;87,27.5639;822,51.16;78,105.382
81:97,83.4862
82:160,7.47013;783,36.8681
83:30,21.4357;447,14.9865
84:447,16.3777;85,17.5254
85:84,17.5254;49,17.5336
86:829,24.7115;87,78.375
87:80,27.5639;820,35.792;86,78.375;822,50.8576
88:195,91.9444;91,86.0073
89:848,15.1348
90:340,14.7227;111,24.2833
91:88,86.0073;80,85.2871;248,88.8749;249,93.3121
92:848,59.0291;195,88.7622
93:105,100.517;173,137.747
94:187,124.161;98,101.519
95:199,87.1692;847,60.9414
96:69,79.6478;204,87.4109
97:198,88.6656;81,83.4862
98:94,101.519;99,76.0014
99:98,76.0014;71,109.444;104,85.8846;102,85.1135
100:58,165.859;104,118.046;1083,49.7961;76,32.0483
101:1083,30.541
102:99,85.1135;198,85.0736
103:248,81.9752;199,89.3781
104:100,118.046;99,85.8846;73,107.843;105,78.613
105:104,78.613;93,100.517
106:228,28.237;264,13.3997;118,20.2823;264,13.3997
107:228,3.30703;1005,48.4677;63,29.1034;1005,48.4677
108:393,1.67268;134,7.86857;134,7.86857;45,1.85986
109:153,30.4962;151,95.4168;235,41.9822;994,55.625
110:13,3.29233;153,29.4869;14,16.7094
111:90,24.2833;63,27.1406;336,14.5829
112:647,18.5198;643,4.64921
113:643,2.3801;114,25.0508;642,13.5832;114,25.0508
114:122,10.5671;139,7.13925;113,25.0508;139,7.13925;122,10.5671;113,25.0508;139,7.13925;122,10.5671
115:855,20.9093;853,15.4646
116:265,5.57719;219,4.45395
117:218,3.60172;118,5.86245
118:117,5.86245;106,20.2823
119:264,8.27642;468,12.3068
120:434,6.37594;49,2.27376;12,86.4788;49,2.27376
121:49,42.1142;122,20.6238;49,42.1142;122,20.6238
122:121,20.6238;114,10.5671;121,20.6238;114,10.5671;114,10.5671;281,12.5361
123:124,11.1875;128,57.4999
125:124,23.7771;126,16.3196
126:127,36.6967
127:126,36.6967;128,8.49194
128:127,8.49194
133:135,43.3465;264,5.53563
134:108,7.86857;135,12.9837;466,18.0308;108,7.86857
135:134,12.9837;133,43.3465
136:137,18.1183;149,3.70645
137:136,18.1183;138,17.9885
138:137,17.9885;139,6.22281
139:114,7.13925;150,62.3022;114,7.13925;150,62.3022;138,6.22281;114,7.13925
140:281,15.0268;564,8.63494
141:565,2.3589;563,2.73866
142:561,10.064;30,6.16916
143:30,7.37572;459,16.6167;30,7.37572;144,14.8787
144:143,14.8787;145,25.9898
145:144,25.9898;146,21.7263
146:145,21.7263;147,5.13467
147:146,5.13467;148,2.12675
148:147,2.12675;149,3.3291
149:148,3.3291;136,3.70645;294,7.89977
150:139,62.3022;260,47.2233;139,62.3022;260,47.2233;152,26.7965
151:157,12.1769;109,95.4168;152,39.1124;996,104.2
152:150,26.7965;151,39.1124;153,82.2479;156,21.7171
153:110,29.4869;109,30.4962;611,6.38364;152,82.2479
154:155,29.1106;158,41.5318;159,21.5159
155:154,29.1106;280,38.149
156:157,41.3017;152,21.7171;298,10.8102
157:459,46.507;151,12.1769;156,41.3017
158:272,60.8765;160,15.8779;154,41.5318
159:154,21.5159;161,3.73746;160,39.4314
160:158,15.8779;82,7.47013;159,39.4314;857,13.279
161:241,44.079;159,3.73746
162:163,29.5786;241,31.0034;246,38.7161
163:255,7.06784;162,29.5786
164:165,12.1351;255,1.8915
165:203,51.3127;164,12.1351
166:167,38.6551;196,27.9501
167:202,11.8067;166,38.6551
168:169,20.236;202,2.973
169:200,62.1487;168,20.236
170:240,15.3991;200,23.3186
171:1141,11.5805;240,66.0406
172:15,40.1456;197,45.5078
173:93,137.747;186,11.0064
177:187,9.78193
186:173,11.0064;72,6.9973
187:177,9.78193;94,124.161
192:4,5.99269;35,103.042
193:34,105.879
194:270,107.435
195:92,88.7622;88,91.9444
196:166,27.9501;247,51.6927
197:172,45.5078;243,91.7855
198:102,85.0736;97,88.6656
199:103,89.3781;95,87.1692
200:170,23.3186;169,62.1487
201:252,30.4363;1142,71.4007
202:168,2.973;167,11.8067
203:247,19.7776;165,51.3127
204:96,87.4109;74,85.1567
207:222,6.56247;339,2.34433
211:267,3.42329;266,2.71042
214:337,17.2686;673,25.99;338,18.3511
215:266,2.67122;232,4.78019
218:219,3.39646;117,3.60172
219:116,4.45395;218,3.39646
222:207,6.56247;338,4.98942;226,6.27081
226:222,6.27081;267,3.60177
228:106,28.237;107,3.30703
232:642,11.7733;265,3.093;215,4.78019
234:249,84.9199;251,85.876
235:109,41.9822;238,22.0545
236:249,68.0461;822,30.2864;277,34.7977
237:1142,3.61937;1143,3.40005
238:235,22.0545;244,16.0916;242,116.851
239:242,72.1507
240:171,66.0406;170,15.3991
241:162,31.0034;161,44.079
242:239,72.1507;238,116.851
243:197,91.7855;16,63.4322
244:238,16.0916;245,15.9765
245:244,15.9765;253,30.4421
246:253,12.5011;162,38.7161
247:196,51.6927;203,19.7776
248:71,105.116;91,88.8749;78,85.6748;103,81.9752
249:91,93.3121;236,68.0461;234,84.9199
250:251,89.2378
251:234,85.876;250,89.2378
252:479,102.323;201,30.4363
253:245,30.4421;246,12.5011
254:995,64.47;478,15.6611
255:164,1.8915;163,7.06784
257:837,4.68573
258:1143,13.3311;837,6.42229
259:1141,6.60237
260:150,47.2233;854,14.9998;150,47.2233;854,14.9998
261:23,98.0083;40,75.5638
262:7,90.0306;8,87.7465;42,88.3167
263:3,57.6422;41,74.8387
264:133,5.53563;106,13.3997;106,13.3997;119,8.27642
265:232,3.093;116,5.57719
266:211,2.71042;215,2.67122
267:226,3.60177;211,3.42329
268:339,4.44016;660,16.5891
269:56,79.1678;57,0.380393;3,98.9169
270:194,107.435;27,84.0171
272:859,6.84783;158,60.8765;718,9.73213
273:351,1.54537;350,20.4488
274:344,5.66998;14,2.66744
275:353,7.05295;352,9.39219
276:351,2.03751;715,9.69775
277:351,59.7468;236,34.7977;857,32.3763
278:35,9.07952;32,83.6926
279:31,83.1173;34,7.28682
280:155,38.149;625,5.24139;859,40.9588
281:122,12.5361;140,15.0268
294:574,4.09539;149,7.89977
298:156,10.8102;574,1.73236
336:111,14.5829;337,11.5822
337:336,11.5822;214,17.2686
338:214,18.3511;222,4.98942
339:207,2.34433;268,4.44016
340:820,67.2564;90,14.7227
341:342,11.4514;692,11.9257
342:1026,13.2767;341,11.4514
344:352,13.5645;274,5.66998
345:348,13.8414;820,64.179
347:713,6.28558;353,3.43426
348:350,7.14721;345,13.8414
349:715,3.053;713,2.20254
350:273,20.4488;348,7.14721
351:277,59.7468;276,2.03751;717,3.15885;273,1.54537
352:275,9.39219;344,13.5645;354,8.56161;787,4.00179
353:347,3.43426;275,7.05295;354,10.7034;788,1.03287
354:353,10.7034;352,8.56161
355:8,2.85815;359,1.24563
358:372,15.3161;11,2.88205
359:355,1.24563;364,6.3168
364:359,6.3168;366,4.05863
366:364,4.05863;43,6.8418
372:391,50.0326;358,15.3161
380:43,10.3233;384,19.7153
384:380,19.7153;44,5.18634
387:44,5.18805;388,6.71781;44,5.18805;388,6.71781
388:387,6.71781;831,14.7189;387,6.71781;831,14.7189
391:45,2.92738;372,50.0326
393:789,14.2107;45,3.53178;789,14.2107;108,1.67268
432:45,4.29268;434,27.6502;45,4.29268;434,27.6502
434:432,27.6502;49,6.70513;432,27.6502;120,6.37594
447:83,14.9865;84,16.3777
459:143,16.6167;157,46.507
461:480,2.65549;996,76.0093
466:467,6.78972;134,18.0308
467:469,12.3222;466,6.78972
468:119,12.3068;469,6.73569
469:468,6.73569;467,12.3222
478:254,15.6611;479,25.3313
479:478,25.3313;252,102.323
480:461,2.65549
561:562,1.55718;142,10.064
562:563,7.81423;561,1.55718
563:141,2.73866;562,7.81423
564:140,8.63494;567,4.99836
565:566,3.81031;141,2.3589
566:568,2.38447;565,3.81031
567:564,4.99836;568,1.56848
568:567,1.56848;566,2.38447
574:298,1.73236;294,4.09539
611:625,29.0899;153,6.38364
625:280,5.24139;611,29.0899
640:67,29.97;68,15.4953
641:68,3.85404;829,19.4893
642:113,13.5832;232,11.7733
643:112,4.64921;113,2.3801
647:651,10.7496;112,18.5198
651:660,5.65715;647,10.7496
660:662,2.81084;651,5.65715;268,16.5891
662:667,10.075;660,2.81084
667:672,6.97089;662,10.075
672:677,9.47989;667,6.97089
673:214,25.99;678,16.8243
677:678,4.21735;672,9.47989
678:673,16.8243;679,4.06457;677,4.21735
679:685,9.98668;678,4.06457
685:692,12.0324;679,9.98668
692:341,11.9257;685,12.0324
708:1027,5.46427;853,9.1353
713:349,2.20254;347,6.28558
715:276,9.69775;349,3.053
717:718,18.9546;351,3.15885
718:272,9.73213;717,18.9546
783:82,36.8681;784,54.3338
784:783,54.3338;15,22.9796
786:787,10.6855;788,10.1092
787:352,4.00179;786,10.6855
788:786,10.1092;353,1.03287
789:831,9.5893;393,14.2107;831,9.5893;393,14.2107
792:64,10.9567;75,74.3609
793:70,26.0918;1085,13.8776
794:806,61.8496;70,14.5461
806:73,27.7986;794,61.8496;809,8.46412
809:806,8.46412;811,9.68663
811:809,9.68663;814,7.94012
814:811,7.94012;818,32.4049
818:814,32.4049;821,32.8631
820:87,35.792;340,67.2564;345,64.179
821:818,32.8631;78,20.712
822:80,51.16;87,50.8576;236,30.2864
825:885,6.09667;826,8.03119
826:825,8.03119;827,8.85761
827:826,8.85761;828,10.081
828:827,10.081;965,19.2536
829:641,19.4893;86,24.7115;965,9.49613
831:388,14.7189;789,9.5893;388,14.7189;789,9.5893
837:258,6.42229;257,4.68573
847:95,60.9414;79,15.1746
848:89,15.1348;92,59.0291
853:115,15.4646;708,9.1353
854:260,14.9998;13,8.46275;260,14.9998;13,8.46275
855:13,6.35272;115,20.9093
857:277,32.3763;160,13.279
859:14,31.3937;272,6.84783;280,40.9588
885:51,9.32599;825,6.09667
965:828,19.2536;829,9.49613
993:994,0.923911;995,36.5972
994:109,55.625;993,0.923911
995:993,36.5972;254,64.47
996:461,76.0093;151,104.2
1001:1005,22.9761
1005:107,48.4677;44,13.4315;107,48.4677;44,13.4315;1001,22.9761
1026:1027,1.44482;342,13.2767
1027:708,5.46427;1026,1.44482
1083:101,30.541;100,49.7961
1084:76,9.8846;1086,62.7628
1085:793,13.8776;75,6.82762
1086:1084,62.7628;70,5.25004
1093:1097,4.87034
1097:1093,4.87034
1141:259,6.60237;171,11.5805
1142:201,71.4007;237,3.61937
1143:237,3.40005;258,13.3311
